span    frms  tris  vbl/f  upd/f  rnd/f flip/f |      sky  terrGeo terrFlush   objGeo      tux   flush2      hud
p0-1       8   535  11.75   1.00   9.12   0.75 |     0.12     2.88     2.00     2.00     1.00     1.00     0.12
p1-2       7   547  11.86   1.00   9.57   0.86 |     0.14     2.86     2.43     1.86     0.71     1.00     0.57
p2-3       8   483  11.25   1.00   9.00   0.50 |     0.38     2.62     2.00     2.00     1.00     1.00     0.00
p3-4       8   562  11.88   1.00   9.62   0.88 |     0.88     2.12     2.38     1.88     0.75     1.12     0.50
p4-5       9   444  10.56   1.00   8.33   0.89 |     0.11     2.33     2.56     1.33     0.78     1.00     0.22
p5-6       8   506  10.75   1.00   8.75   0.75 |     0.12     2.88     2.00     1.75     0.50     1.00     0.50
p6-7       7   574  11.57   1.00   9.43   0.86 |     0.00     3.00     2.00     2.00     1.00     1.00     0.43
----------------------------------------------------------------------------------------------------
avg: 11.37 vblanks/frame -> 5.3 fps   (update 1.00 for 6.00 ticks/frame = 0.17/tick, render 9.12, flip 0.78)
render stages (vblanks/frame): sky 0.25  terrGeo 2.67  terrFlush 2.19  objGeo 1.83  tux 0.82  flush2 1.02  hud 0.34
